10001 400 -1
10011 401 -1
10001 10002 10003 10004 500 -1
10011 10012 10013 10014 501 -1
10005 509 -1
10015 508 -1
10006 510 -1
10010 511 -1
10011 10016 10017 10018 512 -1
10001 10019 10020 10021 513 -1
10006 10026 10027 10028 514 -1
10010 10022 10023 10024 515 -1
10029 10030 10031 10032 10029 10030 10031 10032 516 -1
10033 10034 10035 10036 10033 10034 10035 10036 517 -1
10037 518 -1
10038 519 -1
10037 10004 520 -1
10038 10014 521 -1
10039 522 -1
10040 523 -1
10039 10004 524 -1
10040 10014 525 -1
20001 20002 20003 20004 600 -1
20011 20012 20013 20014 601 -1
20021 20022 20023 20024 602 -1
20031 20032 20033 20034 603 -1
20041 20042 20043 20044 604 -1
20051 20052 20053 20054 605 -1
30001 30002 301 -1
30003 30004 302 -1
40001 801 -1
40002 802 -1
40003 803 -1
40004 804 -1
40005 805 -1
50001 50002 50003 701 -1