20001 474 0 635 68 30
20002 0 0 158 68 30
20003 158 0 317 68 30
20004 317 0 474 68 30
20011 474 68 635 136 30
20012 0 68 158 136 30
20013 158 68 317 136 30
20014 317 68 474 136 30
20021 474 136 635 204 30
20022 0 136 158 204 30
20023 158 136 317 204 30
20024 317 136 474 204 30
20031 0 204 158 272 30
20032 474 204 635 272 30
20033 317 204 474 272 30
20034 158 204 317 272 30
20041 0 272 158 340 30
20042 474 272 635 340 30
20043 317 272 474 340 30
20044 158 272 317 340 30
20051 0 340 158 408 30
20052 474 340 635 408 30
20053 317 340 474 408 30
20054 158 340 317 408 30
10001 420 198 480 264 0
10002 360 198 420 264 0
10003 300 198 360 264 0
10004 240 198 300 264 0
10005 180 198 240 264 0
10006 180 198 240 264 0
10011 0 0 60 66 0
10012 60 0 120 66 0
10013 120 0 180 66 0
10014 180 0 240 66 0
10015 240 0 300 66 0
10010 240 0 300 55 0
10016 300 0 360 66 0
10017 360 0 420 66 0
10018 420 0 480 66 0
10019 120 198 180 264 0
10020 60 198 120 264 0
10021 0 198 60 264 0
10022 420 66 480 132 0
10023 0 132 60 198 0
10024 60 132 120 198 0
10026 0 264 66 330 0
10027 420 330 480 396 0
10028 360 330 420 396 0
10029 240 462 300 528 0
10030 180 462 240 528 0
10031 120 462 180 528 0
10032 60 462 120 528 0
10033 0 396 60 462 0
10034 60 396 120 462 0
10035 120 396 180 462 0
10036 180 396 240 462 0
10037 180 264 240 330 0
10038 240 66 300 132 0
10039 300 264 360 330 0
10040 120 66 180 132 0
10041 120 330 180 396 0
10042 60 330 120 396 0
10043 0 330 60 396 0
10044 300 132 360 198 0
10045 360 132 420 198 0
10046 420 132 480 198 0
10047 300 330 360 396 0
10048 240 330 300 396 0
10049 180 330 240 396 0
10050 120 132 180 198 0
10051 180 132 240 198 0
10052 240 132 300 198 0
10053 420 264 480 330 0
10054 0 66 60 132 0
10055 240 396 300 462 0
10056 0 462 60 528 0
30001 0 0 32 64 50
30002 32 0 64 64 50
30003 0 0 16 32 51
30004 16 0 32 32 51
30005 0 0 49 96 52
30006 49 0 100 96 52
40001 0 0 32 32 60
40002 0 0 24 20 61
40003 0 0 32 18 62
40004 32 0 64 18 62
40005 0 0 16 16 63
50001 0 0 42 44 70
50002 43 0 84 44 70
50003 84 0 128 44 70
60000 0 0 34 64 80
60001 34 0 68 64 80
60002 68 0 102 64 80
60003 102 0 136 64 80
60004 0 0 64 32 81
60005 64 0 128 32 81
60006 128 0 192 32 81
60007 192 0 256 32 81
60008 448 0 512 32 81
60009 384 0 448 32 81
60010 320 0 384 32 81
60011 256 0 320 32 81
60012 32 0 64 32 82
60013 64 0 96 32 82
60014 96 0 128 32 82
60015 192 0 224 32 82
60016 160 0 192 32 82
60017 128 0 160 32 82
60018 64 0 96 64 83
60019 32 0 64 64 83
60020 0 0 32 64 83
60021 96 0 128 64 83
60022 128 0 160 64 83
60023 160 0 192 64 83